1.068649 1.381305 -1.081982 -0.011966 -3.129526 
0.205704 -1.328331 2.150840 -1.222515 -1.512053 
3.157117 0.382551 -0.231478 -0.836297 -0.253946 
0.414996 -0.828413 1.799827 0.585338 -1.448303 
1.124209 -0.829691 0.230056 0.201252 -1.338838 
1.790529 -2.971132 0.771888 3.276843 -2.067332 
-0.355221 -1.570225 -2.167754 -1.580515 -0.723192 
1.187925 0.624673 1.363047 -1.588270 -2.858630 
2.533282 -1.253983 1.404776 -1.781539 -0.847996 
1.585267 0.348713 4.680495 1.583470 -5.339969 
1.366497 0.106730 -0.487376 -1.084148 -3.098947 
0.528064 0.101245 2.203503 -0.642475 -2.182252 
3.711682 -1.376023 0.252381 3.674482 -2.935756 
-0.820565 0.624998 -0.056799 0.852416 -1.205076 
-0.209721 1.286050 1.750079 1.430364 -1.107280 
0.162732 -0.949137 1.182287 0.696500 -3.022218 
2.393623 -1.942058 0.995645 3.154459 -3.488804 
0.080854 -1.781396 -1.176004 0.253192 -0.419030 
-1.083859 -0.589152 0.141976 -0.061599 -1.376798 
1.962563 -0.972160 -0.885334 5.113669 -0.963443 
-1.887438 0.745658 2.168367 -2.953573 -1.071018 
-0.459969 -0.528953 -0.054105 -1.714716 -0.113353 
-0.195890 -0.723491 0.924473 -5.877817 -1.168214 
-1.724724 -0.112157 0.264145 -4.055938 -0.097954 
-1.116301 1.151734 2.049220 -2.911930 0.491200 
-0.723281 -0.646061 2.097647 -1.310937 -0.712137 
-0.874724 0.540414 0.169320 0.020325 -1.590674 
-3.653473 0.393642 -1.650459 -1.435698 -1.133667 
-1.076773 0.784024 -1.905062 -3.279413 -1.911320 
1.698549 -2.554802 1.138357 -0.944039 -3.016704 
-1.094062 -1.169978 2.494764 -0.108638 -0.623147 
0.992337 -1.404675 4.225691 -1.149152 0.758271 
-0.321844 -1.966169 0.393340 -1.977577 -1.520316 
0.311935 -2.379389 4.187251 -1.739024 -1.826998 
-0.618880 -2.247020 3.112803 -1.463815 -2.093667 
-0.014059 0.021969 -1.105334 -0.767253 -2.294812 
-0.048053 -1.867369 0.317704 -1.567026 0.276172 
-0.051033 -2.247597 0.502807 -2.952490 -0.523825 
-1.997285 0.092621 0.608866 -1.423357 -2.379606 
-2.305628 -2.442318 1.772280 -0.522126 -0.502944 
-0.508561 0.242641 1.299335 2.272885 0.883576 
-1.053913 -0.501522 -3.236895 3.170678 1.545247 
0.764357 -1.216456 -2.526263 2.402293 1.349920 
3.857479 0.627611 -1.332008 2.770433 1.484443 
0.028633 1.233855 -0.065809 1.189265 0.663945 
0.084801 1.252570 -2.383691 0.814362 0.328619 
0.429013 2.258763 -0.598676 1.938698 0.450644 
-0.342958 1.343424 -0.170865 0.813607 3.143407 
1.283481 -0.619106 -0.462536 -1.160053 1.991664 
-1.441275 -0.195528 -2.209389 2.015218 2.276695 
-0.521247 -1.798988 -0.232657 1.375518 -0.166442 
0.395903 0.473890 -2.029361 3.556020 0.159505 
-1.209299 0.654319 -1.158662 0.195850 1.888061 
-2.018858 0.446552 -1.814722 2.689332 0.473301 
-2.160772 -0.812711 -1.466329 2.103850 0.733451 
-1.088637 0.566919 -0.994137 1.295641 1.154045 
0.735868 -2.052156 -2.830397 2.286116 1.098253 
-0.757941 -2.534753 -2.715169 0.889274 1.290164 
0.307528 1.039829 -2.872386 2.076619 1.489577 
-1.609376 1.753305 -1.511504 3.146013 0.087597 
-0.903926 0.962676 -1.192159 0.133454 1.169785 
1.270124 1.482649 0.129868 -3.944169 1.859421 
0.985749 3.709563 -1.418864 -1.153649 0.227087 
1.882039 2.805755 0.052617 0.022379 1.062294 
1.683930 1.135798 0.483868 -2.054753 -0.382216 
1.006408 2.645633 -1.396872 0.469224 1.075228 
-0.980031 2.565778 -1.514593 -1.884186 3.189067 
-0.249824 3.432481 0.049130 0.738900 1.426991 
4.258500 2.874558 -0.912679 -0.951588 1.156478 
-2.364892 2.112920 0.125673 1.680121 0.577901 
0.301629 2.384751 -1.644801 -0.036823 0.255328 
-0.767471 2.517519 1.362462 -1.828673 0.010249 
-0.149292 2.267218 -0.465852 0.871893 2.098752 
0.107904 0.724108 1.135546 -0.522728 3.586394 
-1.079650 1.901456 0.692003 0.641218 0.078232 
0.601054 2.402285 -2.859219 -1.981889 1.375158 
0.066677 3.007878 -0.461724 -1.296434 1.897903 
-0.019255 4.882644 1.062399 -0.241100 1.127234 
2.203721 2.176779 -0.056428 -2.149318 0.431514 
0.010137 1.833027 2.224859 -0.828043 1.428702 
-1.156537 -2.448242 0.546020 0.865507 0.475672 
-0.540644 0.909548 -2.146522 1.803947 1.875790 
1.627767 -0.229449 -0.306795 -0.679274 0.504446 
1.384526 -2.034626 1.176162 -0.043864 0.991443 
-0.138249 -1.058381 1.487312 0.376550 0.367094 
-2.348951 -1.234648 -0.376849 0.855004 0.671807 
-0.887249 -1.281361 0.716608 4.041905 0.795024 
2.508638 0.020342 -0.731506 -1.167720 0.515997 
2.920430 -3.573945 -0.203225 2.365158 2.359861 
0.611401 -0.721167 -0.183662 0.724267 -0.106006 
-0.946965 -0.404454 1.926942 1.591545 1.096651 
0.053580 -1.850935 0.824805 1.231521 1.354781 
0.944925 1.105503 2.335715 0.288567 1.152523 
1.288870 -3.900301 -0.240214 -0.425378 0.276592 
-1.391991 0.656866 -0.010633 1.665917 2.009219 
1.318623 -2.082970 0.210910 1.460779 1.365382 
0.613316 -2.210639 -0.115119 4.632852 -0.768987 
-0.851394 -0.128917 0.381016 0.332139 0.730229 
-0.701860 -2.802470 1.181100 1.317770 0.489305 
0.976282 -0.341539 0.201249 0.753883 -0.194381 
-2.531279 -1.702065 -0.922083 -1.644798 1.594671 
-1.819217 -0.722806 0.800494 -2.114690 3.542369 
-1.585684 2.049101 -0.962351 0.076759 0.524551 
-1.289090 0.043922 0.379787 -0.941725 0.015680 
-3.029793 -1.510903 0.115596 -0.590189 1.632677 
-1.981871 -0.898948 -0.143369 0.458550 0.548074 
-2.190027 -1.704664 1.376983 -0.209901 1.643328 
-1.302976 0.548496 -1.498492 -1.089059 -1.193837 
-0.568120 -0.473628 -0.675165 -0.333984 0.888502 
0.544113 -0.201845 1.181253 -2.345920 3.160331 
-0.734735 0.368977 0.200958 -2.186810 2.353400 
0.595048 0.979631 0.978377 0.021431 0.302538 
-0.808746 -0.945580 2.082631 1.450787 2.480108 
-2.482698 -1.662839 3.307845 0.125283 0.914027 
-2.375068 -0.506385 -0.308670 0.711931 -0.347272 
-2.762544 -0.104934 -1.261728 -2.163976 -0.892185 
-2.961019 0.657894 -1.765519 -1.874642 0.977888 
-0.731223 -1.065804 0.644174 -1.229190 1.690052 
-2.643886 -2.038183 0.566401 -1.043016 2.957001 
-0.063043 -2.411858 0.796268 0.601905 0.357338 
0.476650 -0.549809 0.873711 -0.811505 -1.632304 
3.773686 0.314513 1.180700 2.391596 -0.956432 
2.620065 -0.180815 -1.429429 -0.087396 -1.564762 
3.901378 -0.021222 2.260993 2.075663 -0.092842 
2.997823 -2.384728 -2.111521 2.695443 -1.821975 
0.609043 1.574265 1.174764 1.373042 -1.197174 
0.147002 -0.897410 0.371530 1.028585 -1.330001 
0.946294 0.674798 -2.171069 0.308004 -2.864187 
0.464437 0.154908 1.157254 0.301614 -2.905810 
0.483207 -0.990222 0.216286 0.251490 -1.365616 
2.199538 -0.604602 0.208360 1.520337 -1.924914 
-0.207688 1.386170 0.348150 1.578277 -2.388018 
0.601973 -0.313953 4.054365 1.490280 0.091653 
1.416393 -1.219418 0.158291 3.631701 -1.761330 
-1.352544 -1.693569 -0.316870 0.746845 -0.558573 
2.136203 -0.128472 0.585245 -0.458708 -1.224348 
2.608445 -0.681091 0.173295 0.701814 -1.905164 
-0.320637 -0.836472 -0.879342 -0.005292 0.274868 
1.616224 -1.452735 1.173625 1.043566 -1.310983 
0.217923 1.018616 -1.743241 0.614605 -0.997737 
-0.760464 0.700733 0.949316 -1.738158 -1.340818 
-0.170027 -1.492483 0.443075 0.723788 -0.860047 
-0.731507 -0.795992 -0.388649 -2.334573 -0.320219 
-1.743454 0.378011 -0.431918 -3.438338 -0.393207 
-1.498831 -1.801421 3.353009 0.102559 0.973088 
1.166011 -1.845835 0.561785 -3.448915 -0.484754 
-1.074258 1.928828 3.800312 -1.230752 -0.576500 
-0.918720 2.059456 -0.168334 -1.177428 -2.131211 
-2.488031 -1.544024 2.859699 -2.144896 -2.020971 
1.302743 0.788318 2.433859 -1.806922 -0.754576 
-1.456542 -1.612933 0.041991 -0.090956 -1.036821 
0.424798 0.882887 1.121365 -1.698570 -1.576005 
-1.527293 -0.462410 0.030389 0.963054 -0.183428 
2.284214 0.149388 1.512062 -1.390685 -0.792688 
-1.149200 0.647129 2.142919 0.475853 -0.840143 
-0.622879 0.930404 1.129647 0.321392 -2.169298 
-2.198329 -2.680490 2.197941 -2.758229 0.079763 
-0.059172 0.136445 2.105659 -0.908079 -1.350823 
-0.723455 -1.549650 0.958398 -1.890016 -0.576297 
0.045603 -0.040188 0.991291 -0.130913 -0.111489 
0.207661 1.663601 1.251417 -0.835659 0.243804 
1.470305 -0.238506 -0.836739 0.393038 1.812402 
-0.496765 1.966063 -1.348516 -0.118900 -1.333471 
3.061710 0.642945 -2.940694 -1.794207 -0.206698 
1.547847 0.016163 -0.902471 0.446078 0.325558 
1.352556 0.630175 0.572176 -0.777051 0.934447 
0.775521 0.019602 -0.704857 1.521967 0.139485 
1.140557 0.628099 -2.000488 -0.082222 -0.911573 
1.961790 1.371623 -3.969766 -1.298864 0.717172 
0.149549 -0.493618 0.089244 -1.065583 -0.687905 
0.617771 -0.539461 0.076094 -0.236039 0.636847 
2.191046 0.529906 0.055466 0.670432 -0.168800 
1.247390 -0.642373 -1.659859 0.256224 -0.013979 
-0.333870 0.694074 -0.477350 1.727782 -0.694484 
1.661050 0.719881 -0.456584 0.326045 0.081562 
0.846537 -1.204481 -1.665506 1.389542 1.819259 
0.664608 1.189704 0.917861 0.643211 -0.176492 
2.296985 -0.992503 -0.429079 0.481958 0.577738 
0.792154 -0.007641 2.270903 1.675386 0.235127 
0.713621 0.018012 -1.403698 0.903695 0.938921 
1.243192 2.603473 -1.240852 -0.180224 -0.319272 
0.599721 3.546348 -2.161767 0.079009 -0.454662 
0.163958 1.738002 -1.910669 0.353618 -1.848691 
-1.584899 1.757915 -0.320347 0.283424 -1.507041 
-0.366577 0.381217 -1.436031 0.883153 -1.697417 
-1.099691 1.275857 -0.999360 0.234229 -1.334913 
-1.300546 0.738324 -3.889558 0.728744 -3.424400 
-0.969576 1.768884 -0.707975 -0.393928 -1.190258 
-0.481878 1.509520 -2.058950 -0.186399 -3.054857 
0.244455 1.167294 -2.973659 0.348131 -2.916913 
-0.527742 -2.339593 -1.683601 -0.256716 -2.882389 
-1.693582 1.700758 -0.790311 -0.261629 -2.642858 
-0.874893 2.040159 -1.269654 -2.296794 -0.579524 
-0.458342 1.795435 0.493916 0.701955 1.081491 
-0.764410 2.117760 0.242026 1.531066 0.621056 
1.044503 1.945089 -2.844398 -0.604140 0.105131 
0.386442 0.534250 -1.608085 -0.172200 -0.229097 
-0.853007 1.869723 0.191028 0.988561 -0.301944 
-0.874843 1.643612 0.014554 -0.750434 0.322032 
-0.121388 1.896890 2.294357 0.283210 0.890319 
0.236747 1.289560 0.907343 1.657645 -0.212816 
1.448768 -2.037275 -0.845675 -1.596432 2.675712 
1.503537 0.766444 -1.563046 0.192421 -0.155510 
2.545360 -1.313851 0.169448 -2.505558 2.590065 
2.843365 -1.073303 -0.410896 -0.496634 1.912337 
0.470869 0.036353 1.761171 1.593510 0.063555 
1.434603 1.405481 -0.626131 0.279822 -0.785503 
0.924689 1.380220 -0.149862 0.189511 -0.219643 
0.441084 -0.836947 1.253554 -1.140523 0.176072 
2.974829 -3.039767 2.396439 2.256390 0.839693 
1.420496 -1.133457 -1.664171 -0.114676 0.414656 
0.364721 0.748902 2.144736 4.034096 -0.627780 
1.691939 -2.581867 -0.216927 0.154625 0.327427 
1.334858 -1.780153 0.670122 0.790020 1.518669 
-1.265485 1.676780 1.261400 2.195558 -0.639074 
1.685215 -0.931278 0.339374 0.762168 -0.660809 
2.494968 -2.166779 -0.988024 -0.693713 2.554642 
-0.200066 -0.863605 -1.032406 0.560089 0.200862 
1.744524 -1.302932 -1.429159 -0.480113 -0.316866 
-2.026757 -0.267033 1.019570 4.249771 -0.443442 
-1.597336 1.974397 -2.639933 -2.125318 1.270489 
-1.179061 0.189802 -0.553439 -0.650898 1.383908 
1.035627 0.804441 0.067266 -1.162986 0.684371 
-1.597548 -1.228512 0.968183 -2.275563 3.033544 
-1.990208 0.658268 -1.395990 -0.136793 2.363844 
-0.055315 2.256196 -0.017262 -2.361792 2.123951 
-1.494384 0.762052 -1.036434 -0.825923 -0.692379 
-2.078072 -0.913294 -1.433045 0.228827 -0.081554 
-2.094466 -1.399686 -1.824763 -0.515368 -2.439492 
-2.038080 -2.148234 -2.283447 -0.180871 -3.524999 
-0.750520 -1.717415 -1.455083 -0.340627 -2.897210 
-1.565188 -0.176655 -1.316845 -1.360601 -1.589760 
-0.986836 0.453357 -1.645908 -0.603846 1.215108 
-0.080504 -0.166858 -1.978199 -0.885912 -0.293302 
0.036405 0.213156 0.128050 -2.056284 2.808191 
-0.877151 0.374666 0.653637 -0.584690 2.964381 
1.510284 0.142529 2.957346 -3.625717 2.145675 
1.697347 -0.712111 2.661008 -3.045731 3.235685 
-1.243057 0.756285 2.110214 0.450208 0.801267 
2.375566 -1.351934 1.887660 0.258009 1.580426 
