-0.687340 -2.945636 
-1.731135 -1.752396 
-3.667605 -1.941797 
-1.210713 -0.653239 
0.452211 -0.879102 
-3.712606 -0.339965 
0.628053 -2.255018 
-1.015907 -3.689709 
-1.987563 -0.908197 
-3.428118 -4.011015 
-0.887824 -1.800748 
-0.626889 -1.917853 
-4.607837 -1.361329 
-1.490802 -1.280374 
-0.250064 0.457751 
-3.400113 -0.961165 
-4.370460 0.311760 
-1.029615 0.622232 
-0.395683 1.293686 
-4.552303 2.517025 
1.004402 -2.160253 
2.087430 -0.883424 
4.366915 -3.429403 
2.765030 -1.113609 
3.225608 0.639207 
1.479733 -2.917827 
-1.027310 0.326740 
1.716610 -2.713238 
0.719119 -2.349284 
0.206673 -2.449714 
1.534441 -0.288160 
0.726943 -0.676262 
1.548267 0.125258 
-0.404716 -2.449834 
0.938954 -2.530903 
-0.201335 -1.698058 
1.583244 -1.448210 
1.113377 -2.235319 
0.724910 0.327473 
0.757708 0.958074 
0.573565 0.307361 
-1.693260 2.134612 
-2.829360 5.127452 
-1.174183 1.305711 
0.571168 2.061550 
0.973314 1.665829 
-0.702883 1.452442 
-0.033649 0.264576 
-0.930334 2.564612 
-1.553107 1.697676 
1.065656 2.041762 
-0.480335 2.775204 
1.556596 2.111413 
-0.150691 3.084018 
0.582214 2.390352 
1.198012 1.243878 
-1.650769 2.441004 
-1.805104 2.763380 
-1.357493 1.717898 
0.960087 3.340865 
-0.187434 0.718723 
3.660812 -0.326708 
0.715332 0.515668 
2.742312 1.651492 
2.986339 0.094283 
0.110866 1.553317 
3.193983 3.422082 
1.931654 2.639925 
1.735128 0.638996 
1.445338 1.190600 
1.634256 2.817216 
2.003595 -0.195113 
1.076858 1.066760 
1.056575 1.735694 
0.114257 1.484458 
2.620632 -0.560529 
1.661834 -0.423057 
3.400303 0.493649 
2.519038 -1.498355 
3.701026 0.534093 
