-0.296500 -3.166229 
-1.915371 -2.583931 
-3.139766 -2.446299 
-0.814482 -0.344031 
-0.835408 -0.613951 
-2.894271 0.725672 
0.216286 -1.251549 
-1.532419 -2.465385 
-1.710939 -1.972029 
-3.527866 -3.595824 
-0.289149 -2.277325 
-0.391432 -2.801205 
-4.918291 -0.224378 
-0.923662 -0.567614 
-1.294277 -1.772151 
-1.542315 -1.609952 
-3.185037 -1.407086 
1.067890 -0.010343 
-0.797500 -0.951778 
-3.152443 2.004958 
1.333166 -0.904481 
1.671787 -0.912909 
2.131570 -4.069080 
2.215718 -2.750773 
1.727733 -0.823039 
1.661873 -1.958972 
-0.708015 -0.414584 
0.249927 -2.728041 
2.074444 -1.516536 
-1.027827 -2.352552 
1.522302 -0.181825 
-1.622081 -0.781573 
1.198959 -1.418743 
-0.300237 -2.860891 
-0.147262 -3.086756 
0.423853 -2.802552 
1.743492 -2.246099 
1.398919 -1.907776 
1.568964 -1.260967 
0.001402 -0.944244 
-0.362092 2.913279 
-1.039416 4.646109 
-3.215190 4.221121 
-1.350744 1.655325 
0.788463 0.960249 
-0.231432 1.336869 
-0.850665 1.009612 
1.327254 1.359223 
-0.983563 0.819265 
-0.085577 3.376108 
-0.874380 0.406648 
-2.285071 3.087831 
1.893309 3.278911 
0.142282 3.435219 
0.579081 1.921988 
1.656487 0.723719 
-1.144269 2.114521 
-0.936628 2.648986 
-0.838909 1.781738 
0.631036 3.211336 
1.907484 0.275404 
2.620203 -0.547444 
2.260242 0.069238 
2.325226 2.441423 
3.245698 -0.232863 
2.361713 1.164777 
2.499399 1.854251 
3.180572 0.938064 
0.157619 0.443948 
1.474446 0.879592 
2.301445 1.540142 
3.136960 1.704345 
2.381310 -0.396455 
-0.150759 1.478473 
1.684740 0.610059 
1.837737 -0.855816 
1.773059 -0.901035 
1.557757 -0.955046 
1.360020 -0.089231 
2.746211 0.431905 
-0.484839 -0.137904 
-0.716505 2.061953 
-0.918014 0.922920 
-0.865887 0.543463 
0.049078 -0.490393 
0.164248 0.550152 
-1.428361 3.050915 
-1.466268 0.243925 
-2.643665 0.263547 
-0.164201 -0.038753 
-0.094610 0.735966 
-0.502024 1.045383 
-0.843772 1.017344 
-0.141198 0.380451 
0.874712 1.078373 
-0.880549 0.251293 
-2.693821 3.429739 
-1.226934 1.701986 
-2.002159 0.734847 
-1.173858 0.785200 
1.055977 -0.506344 
1.562311 0.056929 
1.710075 0.370490 
1.365219 1.442468 
1.708970 1.310133 
1.082148 1.484713 
1.425667 1.702288 
0.654089 -1.630516 
1.608420 0.659725 
2.260882 0.127539 
2.678101 1.613732 
2.559534 0.043705 
0.415340 1.694992 
1.561020 -0.254531 
-0.898578 1.691665 
-0.443601 -1.514429 
2.312469 0.367881 
2.197634 0.422687 
1.504559 2.470236 
0.742421 1.807499 
-1.914983 -0.884723 
-3.582573 -1.007388 
-1.700206 -2.111784 
-2.889055 -0.258293 
-5.205810 1.340070 
-1.001320 -1.478934 
-2.175457 0.127296 
-0.469101 -1.386537 
0.857973 -1.499458 
-2.130367 -1.381897 
-2.289115 -1.150658 
-0.639353 0.676686 
-1.121983 -0.110657 
-3.442411 1.021768 
-0.831494 -0.180602 
-1.851286 -0.837187 
-1.553745 -0.109752 
-0.351952 -0.516092 
-2.357774 -0.246793 
-0.670766 1.543845 
1.559950 -0.737669 
-0.488620 -0.236873 
2.950125 -2.556327 
2.205480 -2.222719 
0.788905 -1.258123 
1.202073 -2.820367 
1.691368 0.530052 
2.102657 -2.208358 
0.201656 -1.468489 
0.466467 -1.103890 
0.509558 -0.266285 
0.534691 -2.468781 
0.255479 0.799890 
-1.028242 0.011328 
0.766210 -1.111949 
0.085506 -1.475651 
1.157518 -0.954194 
-1.773982 -0.878587 
-0.593268 -2.196299 
-0.073782 -2.023818 
-1.859849 0.146795 
-1.462198 1.100422 
-1.303470 -0.377015 
-0.143539 -1.561814 
-1.552418 0.215947 
-0.385349 -0.307381 
-1.177750 0.022301 
-0.208391 -0.393102 
0.430331 -0.379114 
-0.163911 0.017955 
-0.992078 -0.928154 
-0.962582 0.327091 
-1.243924 1.639929 
-0.640494 1.192864 
-1.020592 0.074301 
-1.023040 1.883460 
-0.814340 0.645566 
-1.369971 -0.063530 
0.151392 0.950138 
0.500825 0.950155 
1.577804 0.096132 
1.117697 -0.628197 
-0.679351 -1.753045 
0.369366 -0.128782 
0.594788 -0.347151 
1.107592 -0.033147 
-1.117714 -2.265088 
1.299813 0.152897 
0.895560 -1.929844 
-0.857287 -3.472197 
-0.285017 -2.133449 
-0.386660 -0.712780 
-0.125110 0.199448 
1.333660 2.205454 
1.591920 -0.093687 
0.911578 -0.206281 
-0.538296 -0.706290 
1.687992 1.804770 
1.170651 1.235058 
0.756710 -0.230797 
-1.116655 -0.455515 
-0.593083 0.180925 
-2.292189 0.570301 
-0.310140 -0.158406 
-0.812048 -0.247742 
-0.478693 0.613367 
-1.846318 -0.449881 
-0.995607 -1.695988 
-0.774869 -0.703424 
-3.125424 0.798017 
-1.275855 0.225466 
-2.597349 2.326996 
-1.603064 0.564979 
-1.969848 0.118793 
-0.085759 0.199128 
-0.581746 -0.705514 
-1.550746 0.480175 
0.449805 -0.711408 
-0.786317 -0.136460 
-1.087434 2.512360 
1.533172 -1.584509 
0.157845 0.557561 
2.046961 0.375298 
2.279154 0.876934 
1.893544 0.613155 
3.552219 -0.752474 
1.479512 0.279194 
0.342424 -1.745114 
0.359908 -2.884519 
0.554487 -2.163541 
0.793321 -1.777811 
-0.235721 -2.195979 
1.992607 0.195393 
2.301847 0.784059 
1.351159 1.090421 
1.121095 1.144541 
2.131512 0.468983 
0.371196 -0.725928 
0.353357 0.886585 
0.280438 -0.783626 
