2.507074 1.738541 0.782563 -1.318101 -1.911779 
2.761337 -1.759429 3.670129 0.537974 -2.437697 
4.919064 -2.823052 0.575880 -0.952097 0.657355 
0.517129 -0.046357 0.561773 -0.034989 -2.495659 
1.676728 1.252453 0.378112 1.052179 0.175670 
2.538276 -1.846482 0.117455 1.945808 -2.140123 
-0.070049 -3.198004 -0.854531 -1.503241 0.266859 
-0.554900 -0.636059 -1.250795 -2.048665 -2.273800 
1.998595 0.099905 1.903765 0.236616 -1.111809 
2.100378 0.992464 4.205567 1.978257 -4.975976 
1.554386 1.232774 -0.104665 -0.797280 -1.926737 
-0.014010 0.576422 0.387961 -1.961076 -1.652264 
2.484003 -1.552163 1.247664 1.781334 -3.331101 
-0.413757 -0.339292 1.476887 1.039475 -1.585259 
-1.747253 0.393702 3.044305 0.963230 -0.689572 
0.767196 -0.193821 -0.120043 0.371539 -2.538802 
3.221011 -1.842176 0.583718 2.758123 -2.096107 
-0.538796 -4.197443 0.179450 0.306710 0.681053 
0.269642 0.746279 0.008528 -0.179689 -0.973473 
-0.510584 0.575860 -0.712798 5.097983 -1.464134 
0.566036 0.567247 2.668997 -2.872564 -1.741562 
-2.319463 -0.741378 1.764745 -0.194423 -0.339937 
1.091198 -2.647938 0.221766 -4.766984 -0.119531 
-3.497631 -0.416692 1.825513 -2.927485 -1.208109 
-0.868921 2.559087 1.199477 -1.304879 -0.167889 
-0.510560 -1.060204 2.406859 -0.464766 -1.950651 
-0.055199 0.430771 0.877373 -1.525073 -1.378316 
-2.612837 -0.476150 -0.484039 -1.610534 -1.278158 
-0.533626 2.035634 -0.071350 -1.846241 0.596751 
-0.372125 -0.256042 2.983222 -1.492709 -2.652775 
-2.246515 -0.189458 1.264662 -0.067885 -1.139612 
1.914256 -3.076616 3.439154 -0.179733 1.316814 
-2.216768 -0.572075 2.316797 -0.249498 -2.037558 
1.243353 -1.132646 2.026061 -1.394944 -0.647020 
-1.250584 -1.520266 1.083065 -2.566840 -1.679381 
-1.330635 0.677095 -1.448397 -0.230270 -1.871801 
-1.631651 0.312553 -1.953290 -0.877804 -0.895969 
-2.412827 -1.567116 0.958409 -3.433637 -0.726955 
-1.949176 -1.191007 0.158782 -0.749316 -1.027345 
-0.274464 0.564061 1.101086 -0.407060 -1.573246 
-1.014735 0.647715 0.795317 1.109200 0.084833 
-0.984740 -0.187461 -1.915906 3.088211 0.725994 
1.029014 -0.224394 -4.493569 2.924477 2.127569 
2.885318 1.012782 -1.229680 0.818695 -0.073966 
-0.552169 2.522432 -0.702446 0.242189 0.073738 
0.817133 0.899712 -2.097193 0.845717 1.554845 
1.729341 0.523158 -1.558261 1.999053 -0.977772 
0.872666 1.008386 -0.150152 0.637827 1.714009 
0.474652 0.470181 -1.144326 0.518227 1.067484 
0.625107 -0.571809 -3.243314 1.977210 0.484187 
-0.096044 -0.371478 -2.196075 1.299409 0.047221 
0.542808 0.339452 -1.020928 3.536884 1.247429 
-0.110900 1.354577 -0.177638 1.796360 1.016194 
-0.309460 3.132059 -2.126791 3.088873 0.200975 
-2.065522 0.324908 -0.761179 2.398520 1.455120 
-1.884141 1.371068 -2.000439 1.309313 1.834931 
-0.516254 -3.561277 -2.644269 1.914251 1.806707 
-1.165908 -0.259068 -0.918801 1.127656 1.983248 
0.993132 -0.495966 -1.255785 1.213286 0.726366 
-2.290980 2.888561 -2.015980 3.843592 0.014125 
-0.799366 1.620106 -1.186852 0.128029 -0.209804 
0.337857 1.637958 0.387305 -3.035924 2.547622 
2.290100 4.252182 -1.862456 0.216838 1.027435 
1.072340 3.965266 -0.326141 -1.700077 2.509788 
0.225069 1.246184 0.305375 -1.514016 1.169107 
1.525973 1.704184 -0.253844 0.326593 1.374766 
-0.601121 3.858078 0.253485 -1.128809 1.219296 
2.185150 4.017672 -0.515410 -1.678387 -0.653186 
2.279088 3.252679 -1.461561 -0.572506 0.616251 
-2.146445 1.661238 -0.058049 -0.303944 1.099784 
0.359493 3.642075 0.181642 0.300579 0.776531 
0.720873 2.696036 0.627287 -0.000025 2.043875 
0.209184 2.520670 -1.404297 0.334809 0.028360 
-1.460811 0.378049 1.581725 0.061738 2.414482 
-1.023954 2.223517 0.739231 0.767157 0.771123 
-0.192937 2.299690 -3.635525 -2.425735 1.287018 
-0.180298 2.174250 -1.493206 -2.455269 1.520003 
-0.265619 3.866867 -1.221813 -0.120639 -0.787604 
3.423403 1.963272 -0.867410 -0.692761 0.735473 
1.072447 2.454551 1.620879 -0.813073 0.689061 
