-1.758695 0.880947 -1.919728 
-1.824161 0.589379 0.198203 
-1.445743 0.123795 -0.890669 
-2.653012 0.743077 -0.900776 
-1.363631 -0.278614 -1.319158 
-2.193865 2.255306 1.353218 
-1.303240 -1.496532 -0.631899 
-2.443494 -0.497341 -0.970567 
-3.299938 0.013562 1.223381 
-0.171288 4.961007 -2.747729 
-0.150002 1.083364 -0.267033 
-4.385964 0.260666 -2.580701 
-2.379565 3.660550 0.353055 
-1.083568 2.717185 -0.149737 
0.662464 2.855262 -0.185643 
-1.099135 0.228787 -1.169951 
-2.781336 2.797194 0.385438 
-0.087117 -1.005686 0.047995 
0.602858 1.786802 -2.303892 
0.379365 3.353408 1.505454 
-2.252990 -0.969838 -1.467106 
0.134560 -2.714657 -1.251017 
-2.662436 -2.445972 -2.908560 
-1.007094 -3.471528 -1.722586 
0.313375 -2.184899 -2.273292 
-2.563209 -1.666208 -1.283076 
0.187035 -0.198994 -0.784033 
-0.809191 -1.268284 -3.784691 
-2.384451 0.217560 -1.657197 
-3.811469 0.959409 0.231639 
-1.203316 -0.095917 -0.255629 
-2.504221 -0.642223 0.629159 
-1.068075 -2.335109 -0.267916 
-3.709658 -1.437827 -1.201203 
-3.628792 -4.033175 -2.571084 
-0.308549 0.518660 -2.103047 
0.039542 -2.393780 -2.222467 
-1.902378 -1.243892 -1.357132 
-1.280197 -1.107054 -0.818731 
-0.162788 -0.375750 -1.750767 
0.936853 0.400349 1.374075 
0.938414 0.830912 2.281166 
1.105457 1.498773 3.554143 
-0.333627 1.537526 2.543438 
1.315830 -0.212519 1.599127 
1.240604 -0.424793 1.294036 
1.357199 1.105618 0.218060 
-0.374600 -0.513604 1.464592 
0.989285 1.020900 1.658948 
1.838423 0.130224 1.808433 
-0.537640 0.811287 2.818990 
1.271908 1.389076 2.662947 
0.212872 -1.187404 1.322897 
3.015162 1.449789 1.179491 
3.419922 1.384600 0.761095 
1.102288 -0.882705 0.870188 
1.695698 1.234835 3.432693 
-0.613766 0.057156 2.153456 
0.459684 0.364792 2.065467 
3.919660 1.498756 0.829992 
0.562331 -0.799367 -1.778091 
0.760815 -2.921876 -1.148688 
2.632653 -1.641101 -1.213621 
3.347966 -1.804011 0.193139 
2.144439 -0.779329 -0.450723 
0.994723 -0.634248 0.444287 
3.639599 -2.185578 1.431045 
2.956645 -0.397251 -0.240772 
1.865405 -1.467553 -0.668479 
2.311848 1.389148 -0.962293 
2.927482 -1.505631 -0.653427 
3.787327 -1.108236 -0.254810 
1.195617 -0.937039 0.532718 
-0.476315 -1.677138 1.295163 
2.124827 -1.408349 0.916974 
0.943876 -0.746619 0.390989 
3.906578 -0.402344 -1.161321 
3.310405 -0.985512 -0.875430 
2.097297 -1.033129 -0.854496 
0.201039 -1.570017 -1.064273 
-1.005664 0.887328 1.285769 
-0.779156 0.915154 2.354047 
-0.056170 0.400323 -0.624529 
-0.538158 0.704500 1.992608 
-0.884450 0.275754 0.495182 
0.758823 -0.302647 0.829611 
0.547939 2.741679 1.409097 
-0.050924 1.485201 -0.430969 
-3.179177 1.097445 3.157814 
-1.336659 0.494773 -0.092730 
0.984410 2.184902 0.122737 
-0.307645 2.054987 -0.027091 
-1.041734 0.324397 1.159152 
-1.375996 -1.490660 2.385302 
-0.685883 -2.281893 1.226094 
0.603218 0.959945 1.237081 
1.761903 3.708900 2.043606 
-0.299315 1.016017 0.424607 
-0.719393 0.310296 0.887445 
0.913795 2.980705 0.199243 
0.190268 -2.246302 -0.022381 
0.658207 -2.379606 0.419470 
1.543496 -0.866309 -1.646730 
1.805413 -2.856307 1.995128 
-1.175688 -3.714206 1.799469 
0.934608 -1.371829 1.980996 
-1.556963 -2.553109 1.187059 
-0.221960 0.583740 -3.329212 
0.373541 -1.519192 -1.104007 
2.074307 -3.161678 -0.632192 
0.430391 -3.982183 0.967671 
1.839368 -0.882826 0.254422 
-0.300518 -2.162812 1.151295 
-0.207157 -1.977974 1.571872 
-1.345003 -1.083181 1.560862 
-1.248983 -1.020987 -1.618475 
2.335871 0.000801 0.034975 
-0.996119 -3.360280 0.934066 
-1.206679 -2.356944 1.552972 
-0.532767 -0.287087 1.561881 
-1.939897 1.286170 -1.888281 
-1.823811 0.509283 1.606459 
-1.926606 -0.041637 -1.827646 
-2.747709 2.762550 1.157308 
-1.087729 3.408705 2.199092 
-2.024278 1.473614 -0.382088 
-0.305453 3.074610 -1.130011 
-0.209287 1.831855 -1.054372 
1.549903 1.964709 -2.327118 
-1.777525 0.756341 -0.823791 
0.537724 2.274305 0.100398 
1.800630 2.408707 -0.929548 
0.076317 0.778456 -0.180298 
-1.514821 3.561061 0.910573 
-0.613517 0.512952 0.455146 
-0.805224 0.714999 -1.111364 
-0.541175 1.239583 0.341569 
-1.881952 -0.060607 0.240606 
-2.735789 0.746932 0.731956 
0.875157 1.653866 -0.073356 
0.466265 -1.956892 -1.874050 
-2.283808 -3.043693 0.822473 
0.248284 -1.142603 -3.994036 
-0.368516 -3.559819 -2.058541 
-2.298631 -1.702630 0.249399 
-1.730087 -0.974543 0.934191 
0.232420 0.623188 -1.394300 
0.391476 -0.519165 -2.860512 
-2.865880 -0.308161 -0.503175 
-0.867882 -0.058586 -1.038958 
-1.806915 -1.226094 -0.378065 
-0.217601 -0.705284 -1.724462 
-0.413644 -1.164695 0.867240 
-0.908123 0.205117 -0.081548 
-2.892904 -1.021374 -0.479869 
0.497486 -1.152951 -0.650553 
-2.568333 -3.024199 0.259094 
-1.629741 0.612270 0.302250 
-1.414836 -0.565181 -0.656386 
-0.465957 -1.220453 0.234120 
0.657529 1.515227 -0.798201 
-1.021921 0.541526 0.984740 
0.917173 1.361942 -0.856667 
-0.111029 0.655332 -0.832640 
0.339347 1.014543 -1.380194 
1.369697 -0.617088 0.107363 
1.796707 1.237985 0.543134 
0.691880 0.218014 -0.160975 
-0.140179 -0.584205 -1.133269 
-0.047879 1.783466 -1.383842 
-0.126916 0.970945 0.275176 
0.478093 1.091418 -0.065334 
0.379243 -0.285487 2.423448 
-1.421121 1.035098 -0.926295 
-0.652477 -1.399338 0.512824 
-0.837053 0.905586 1.399839 
1.475868 -0.893401 -0.670778 
0.703037 0.440170 1.346842 
-0.542602 1.219542 -0.509652 
0.072217 1.765988 1.131712 
1.564983 -0.243811 -1.029578 
3.823688 -0.173375 -0.753885 
0.851102 0.162635 -1.210648 
2.665190 -0.091389 -1.724645 
1.408943 -0.753252 -1.501530 
0.974857 -0.352368 -3.159045 
-0.621525 -0.651251 -2.421182 
1.724667 0.645903 -2.932192 
-0.025704 0.579510 -2.729435 
0.363959 0.916107 -2.195872 
-1.165212 0.867549 -1.815844 
-0.858320 -0.028131 -1.906200 
0.737354 -0.419655 -1.490041 
1.736160 -0.388924 0.636880 
3.103928 -0.339331 -0.237225 
2.112823 0.031539 -2.204119 
0.606283 -0.428154 -0.540759 
2.017761 0.560667 -1.314228 
2.102992 -0.970244 -0.266699 
3.110821 -0.701536 -0.063899 
0.264732 1.004394 0.397735 
-2.539262 -0.335721 1.243579 
-1.172335 1.589792 -1.302576 
-2.601242 0.556029 1.255453 
-0.425184 -0.227578 1.079122 
0.411801 1.381090 0.413263 
0.030260 2.729220 -0.088602 
-0.443636 -0.048234 -1.277117 
-0.971995 -0.334768 0.278255 
-4.779218 -0.224176 2.936480 
0.133555 1.167998 1.036686 
0.901670 4.227119 0.311486 
-1.511755 -0.123981 1.141404 
-0.578115 0.222118 2.158733 
2.636630 2.514112 0.398937 
0.658048 0.793372 0.109979 
-0.472868 -0.137748 0.415327 
-0.092837 -0.076816 0.549041 
-0.113525 0.507787 0.556173 
2.383991 3.383049 -0.138424 
0.240523 -0.936230 -0.696503 
1.052504 -1.231923 -0.308342 
1.709798 -0.513759 0.467026 
1.201918 -2.110013 1.450635 
1.541936 -1.460921 0.108328 
1.635776 -2.220073 -0.125919 
1.882590 0.029379 -1.212734 
-0.622084 -0.338013 -2.507282 
-0.831711 -0.674666 -2.262244 
-1.258850 0.850826 -3.142127 
-0.679025 0.403033 -1.824182 
0.533508 0.280345 -2.431793 
-0.082383 -0.643399 -0.115142 
-0.043831 0.011021 0.820612 
0.720643 -2.776900 1.000260 
0.494483 -0.641360 1.762867 
-1.143045 -3.078445 1.546921 
0.840159 -2.926305 0.286521 
0.883212 -0.706641 -0.346597 
-1.931584 -1.946315 0.956248 
